901
902
903
904
905
906
907
908
909
910
911
912
913
914
915
916
917
918
919
920
921
922
923
924
1201
1202
1203
1204
1205
1206
1207
1208
1209
2001
2002
2003
2004
2005
2006
2007
2008
2009
2010
2101
2102
2103
2104
2105
2106
2107
2108
2109
2110
2111
2112
2113
2114
2115
2701 //
2702
2703
2704
2705
2706
1601 //
1602
1603
1606
1607
1608
1610
1611
1302 //
1303
1304
1306
1307
2201 //
2202
2203
2204
2205
3001 //
3002
3003
3005
3006
3007
3008
3009
3010
3013
3014
3015
3016
3017
3018
3019
3020
301 //
302
801 //
802
803
804
805
806
807
808
809
1001 //
1002
1003
1004
601 //
602
1101 //
1102
1103
1104
1105
1106
1107
1108
1109
1110
1111
1112
1113
1114
1115
1401 //
1402
1403
1404
1405
1406
1407
1408
1409
1410
1411
1412
1413
1414
1415
1416
1417
1418
1419
1420
701 //
703
705
709
711
712
708
706
702
704
707
710
713
1801 //
1802
1803
3004 //
3011
3012
201 //
202
205
203
204
206
207
208
101 //
102
103
401 //
402
504 //
505
507
501
502
503
506
1305 //
1301
1501 //
1502
1503
1504
1506
1507
1508
1509
1510
1511
1512
1513
1514
1515
1516
1517
1519
1520
1521
1522
1523
1524
1525
1527
1528
1529
1530
1531
1532
1533
1534
1537
1538
1539
1505
1518
1526
1540
1541
1535
1536
1612 //
1609
1605
1604
1701 //
1702
1703
1704
1705
2302 //
2303
2301
2304
3101 //
3102
3103
3104
3105
2901 //
2902
2903
2401 //
2402
2403
2404
2405
2406
2407
3201 //
3202
3203
3204
2501 //
2502
2503
2504
2505
2506
2507
2601 //
2602
2603
2604
2605
2606
2607
2801 //
2802
2803
2804
2805
2806
2807
2808
2809
1901 //
1911
1910
1908
1902
1912
1909
1907
1906
1905
1904
1903